Graph Nodes:
0,1,2,3,4,5,6,7,8,9,10,11,12,13,14,15,16,17,18,19,20,21,22,23,24,25,26,27,28,29,30,31,32,33,34,35,36,37,38,39,40,41,42,43,44,45,46,47,48,49,50,51,52,53,54,55,56,57,58,59,60,61,62,63,64,65,66,67,68,69,70,71,72,73,74,75,76,77,78,79,80,81,82,83,84,85,86,87,88,89,90,91,92,93,94,95,96,97,98,99,100,101,102,103,104,105,106,107,108,109,110,111,112,113,114,115,116,117,118,119,120,121,122,123,124,125,126,127,128,129,130,131,132,133,134,135,136,137,138,139,140,141,142,143,144,145,146,147,148,149,150,151,152,153,154,155,156,157,158,159,160,161,162,163,164,165,166,167,168,169,170,171,172,173,174,175,176,177,178,179,180,181,182,183,184,185,186,187,188,189,190,191,192,193,194,195,196,197,198,199,200,201,202,203,204,205,206,207,208,209,210,211,212,213,214,215,216,217,218,219,220,221

Graph Edges:
1. 0 o-> 28
2. 1 o-> 30
3. 10 o-o 71
4. 10 o-o 72
5. 100 o-o 189
6. 104 <-> 105
7. 104 <-> 168
8. 106 <-> 108
9. 106 <-> 109
10. 106 <-> 114
11. 107 o-> 110
12. 107 o-> 114
13. 108 o-> 109
14. 108 --> 110 nl dd
15. 108 <-> 111
16. 109 <-> 110
17. 109 <-> 111
18. 109 <-> 135
19. 11 o-o 73
20. 11 o-o 74
21. 110 <-> 111
22. 111 <-> 130
23. 114 --> 119 nl dd
24. 115 o-> 194
25. 116 <-> 173
26. 116 <-> 213
27. 117 o-> 114
28. 118 o-> 86
29. 121 o-> 22
30. 122 o-> 110
31. 122 o-> 130
32. 122 o-> 132
33. 125 o-> 129
34. 126 o-> 109
35. 127 o-> 105
36. 129 <-> 130
37. 129 <-> 132
38. 129 <-> 134
39. 13 o-o 77
40. 13 o-o 78
41. 130 <-> 136
42. 131 o-> 88
43. 132 o-> 130
44. 133 <-> 168
45. 134 --> 135 nl dd
46. 134 <-> 138
47. 135 <-> 137
48. 136 --> 135 nl dd
49. 136 <-> 137
50. 137 <-> 138
51. 146 <-> 145
52. 147 <-> 145
53. 147 --> 146 nl dd
54. 149 o-> 24
55. 15 o-> 24
56. 150 o-> 87
57. 151 o-o 206
58. 152 <-> 186
59. 154 <-> 158
60. 155 o-> 154
61. 156 <-> 158
62. 158 <-> 164
63. 16 o-> 21
64. 161 <-> 164
65. 161 <-> 169
66. 162 <-> 167
67. 162 <-> 170
68. 165 <-> 169
69. 165 <-> 207
70. 166 o-> 167
71. 169 <-> 170
72. 17 o-o 66
73. 171 o-> 185
74. 173 <-> 177
75. 174 o-> 172
76. 175 o-> 156
77. 18 o-> 153
78. 180 o-> 203
79. 183 <-> 213
80. 185 <-> 199
81. 186 <-> 187
82. 187 <-> 192
83. 188 o-> 152
84. 188 o-> 192
85. 19 o-> 183
86. 190 o-> 172
87. 193 <-> 199
88. 196 o-> 24
89. 198 o-> 193
90. 2 o-o 31
91. 2 o-> 32
92. 200 o-> 187
93. 201 o-o 211
94. 202 o-> 194
95. 203 <-> 213
96. 204 o-> 207
97. 204 o-> 75
98. 205 o-> 76
99. 209 o-> 177
100. 21 <-> 51
101. 21 <-> 86
102. 210 o-> 24
103. 216 o-> 217
104. 216 o-> 22
105. 22 <-> 116
106. 221 o-> 212
107. 25 o-o 60
108. 26 o-> 28
109. 26 o-o 29
110. 26 o-> 30
111. 26 o-> 32
112. 27 o-> 90
113. 28 --> 90 nl dd
114. 3 o-o 33
115. 3 o-o 34
116. 32 --> 109 nl dd
117. 33 o-> 106
118. 36 o-> 119
119. 38 o-> 135
120. 4 o-o 126
121. 4 o-o 35
122. 4 o-o 36
123. 43 o-> 14
124. 43 o-> 212
125. 49 o-o 50
126. 5 o-o 37
127. 5 o-o 38
128. 51 <-> 217
129. 55 o-o 56
130. 6 o-o 40
131. 75 --> 12 nl dd
132. 75 <-> 186
133. 76 --> 12 nl dd
134. 76 <-> 192
135. 78 o-> 147
136. 79 o-> 212
137. 79 o-o 221
138. 8 <-> 14
139. 8 <-> 183
140. 80 o-> 111
141. 81 o-> 91
142. 83 o-> 153
143. 87 <-> 203
144. 88 <-> 133
145. 9 o-o 70
146. 93 o-o 96
147. 94 o-> 91
148. 94 o-o 97
149. 95 o-> 161
150. 95 o-> 164
151. 97 o-> 91
152. 99 o-> 192

