Graph Nodes:
0,1,2,3,4,5,6,7,8,9,10,11,12,13,14,15,16,17,18,19,20,21,22,23,24,25,26,27,28,29,30,31,32,33,34,35,36,37,38,39,40,41,42,43,44,45,46,47,48,49,50,51,52,53,54,55,56,57,58,59,60,61,62,63,64,65,66,67,68,69,70,71,72,73,74,75,76,77,78,79,80,81,82,83,84,85,86,87,88,89,90,91,92,93,94,95,96,97,98,99,100,101,102,103,104,105,106,107,108,109,110,111,112,113,114,115,116,117,118,119,120,121,122,123,124,125,126,127,128,129,130,131,132,133,134,135,136,137,138,139,140,141,142,143,144,145,146,147,148,149,150,151,152,153,154,155,156,157,158,159,160,161,162,163,164,165,166,167,168,169,170,171,172,173,174,175,176,177,178,179,180,181,182,183,184,185,186,187,188,189,190,191,192,193,194,195,196,197,198,199,200,201,202,203,204,205,206,207,208,209,210,211,212,213,214,215,216,217,218,219,220,221

Graph Edges:
1. 0 --> 28
2. 1 --> 30
3. 10 --- 71
4. 10 --- 72
5. 100 --- 189
6. 104 --> 168
7. 106 --> 108
8. 106 --> 109
9. 106 --> 110
10. 108 --> 109
11. 108 --> 110
12. 108 --> 111
13. 109 --> 110
14. 109 --> 111
15. 11 --- 73
16. 11 --- 74
17. 110 --> 111
18. 111 --> 130
19. 114 --> 106
20. 114 --> 119
21. 116 --> 173
22. 117 --- 114
23. 12 --> 76
24. 121 --> 22
25. 122 --> 110
26. 125 --- 129
27. 126 --> 109
28. 129 --> 130
29. 13 --- 77
30. 13 --- 78
31. 133 --> 168
32. 134 --- 135
33. 137 --> 173
34. 146 --- 147
35. 149 --> 24
36. 15 --> 24
37. 151 --- 206
38. 154 --- 155
39. 156 --- 158
40. 16 --- 21
41. 161 --> 169
42. 162 --> 170
43. 165 --> 169
44. 167 --- 162
45. 169 --> 170
46. 17 --- 66
47. 171 --> 185
48. 172 --- 190
49. 173 --> 177
50. 18 --> 153
51. 180 --- 203
52. 186 --- 187
53. 186 --> 75
54. 188 --> 192
55. 19 --> 183
56. 193 --- 198
57. 196 --> 24
58. 199 --> 185
59. 2 --- 31
60. 2 --> 32
61. 201 --- 211
62. 204 --> 75
63. 209 --> 177
64. 21 --- 51
65. 210 --> 24
66. 216 --> 217
67. 216 --> 22
68. 22 --> 116
69. 25 --- 60
70. 26 --> 28
71. 26 --- 29
72. 26 --> 30
73. 26 --> 32
74. 28 --> 90
75. 3 --- 33
76. 3 --- 34
77. 32 --> 109
78. 33 --> 106
79. 36 --> 119
80. 4 --- 126
81. 4 --- 35
82. 4 --- 36
83. 43 --> 14
84. 43 --- 212
85. 5 --- 37
86. 5 --- 38
87. 51 --> 217
88. 75 --> 12
89. 76 --> 192
90. 76 --> 205
91. 8 --> 14
92. 8 --> 183
93. 80 --> 111
94. 83 --> 153
95. 86 --- 118
96. 87 --- 150
97. 88 --- 131
98. 95 --- 161
99. 95 --- 164
100. 99 --> 192

